bar number	length (inches)
166	45.9375
175	53
121	47.1875
188	48.5625
116	35.1875
50	33.875
128	32.5
39	36.625
102	31.1875
75	32.4375
86	30.0625
100	31.125
48	33.3125
12	51.3125
88	47.5
87	28.8125
33	40
84	38.5
148	42.8125
81	28.75
38	28
153	30
77	26.5625
97	46.875
63	30.6875
74	31.5625
105	26.875
61	30.5625
40	27.6875
71	29.375
104	30.875
54	38.375
150	32.75
240	26.375
101	32
94	30
11	28.1875
1	44
180	34.625
6	37.5625
76	33.375
118	36.25
30	38
5	38.4375
62	30.5118275
64	40.157502
172	29.8031657
52	37.007894
22	40.7480535
53	39.8425412
103	30.5118275
10	31.2992295
57	50.8267991
67	44.7244336
107	32.2441119
96	29.4094647
113	30.7480481
45	51.8504217
108	49.0945147
78	46.7716788
142	69.2126358
125	34.8425385
205	29.3307245
8	37.1653744
204	41.0630143
47	34.4488375
163	29.7637956
36	44.094512
137	34.4882076
41	38.8582887
140	31.5354501
49	34.645688
4	46.456718
46	33.3071046
135	31.49608
9	27.55907
130	38.582698
58	48.5433333
89	53.4645958
195	29.4094647
203	29.8819059
59	31.889781
115	29.4882049
92	31.2992295
146	31.8110408
51	33.7795458
42	50.5118383
138	29.7637956
3	39.8425412
82	29.9606461
91	43.30711
117	41.0630143
14	44.2913625
235	31.102379
133	46.6929386
15	40.3937226
25	42.8346688
13	51.7323114
65	26.771668
162	31.49608
95	31.102379
56	40.5118329
18	38.7401784
59	29.0157637
73	30.8661584
194	31.5354501
35	43.5039605
238	29.921276
149	32.8740335
85	27.4015896
186	27.9134009
44	46.7716788
182	31.102379
28	29.0157637
29	30.3937172
184	32.9527737
37	28.7008029
32	36.5748229
206	37.5984455
55	40.5118329
16	31.8110408
99	43.2677399
202	33.1496242
106	30.1181265
60	28.8582833
286	30.1574966
27	28.5826926
83	27.55907
127	34.2913571
252	32.2441119
93	32.5984428
248	33.1496242
173	36.8110435
43	51.18113
253	33.1102541
119	34.8425385
152	30.2756069
201	31.3385996
135	40.944904
435	34.9606488
335	38.8976588
284	29.2126142
26	29.6850554
23	52.5984536
80	37.5590754
193	29.2519843
151	32.8346634
285	38.8582887
129	32.5590727
278	28.1102514
402	29.6063152
401	30.9842687
191	30.4724574
165	42.4409678
124	33.7401757
443	34.4488375
196	40.157502
72	32.1260016
277	28.1102514
141	33.8976561
374	37.6378156
70	30.3937172
160	31.889781
442	31.6929305
171	29.3307245
208	33.1102541
287	31.2598594
336	40.2362422
169	28.0315112
143	46.6535685
264	31.3779697
265	28.5826926
220	39.2913598
215	32.4803325
156	43.8582914
207	37.9921465
120	52.9134144
110	41.9685266
375	29.133874
372	30.2756069
216	31.0236388
368	41.338605
190	41.6929359
289	37.5590754
90	43.700811
239	30.314977
260	33.7795458
440	26.6141876
326	37.2834847
145	51.4960908
263	30.2362368
414	28.2283617
394	31.5748202
242	30.5905677
428	28.8976534
236	32.0472614
431	23.5433198
198	49.0551446
144	47.0078994
324	25.1574939
199	47.7953014
280	51.2205001
323	30.8661584
217	38.8582887
365	40.944904
282	35.0000189
331	30.6299378
434	33.0315139
330	42.126007
327	42.519708
200	41.9291565
192	43.9764017
350	41.3779751
197	37.401595
354	36.0236415
183	34.4882076
174	41.4567153
168	28.9763936
185	25.6299351
293	31.2992295
245	50.9842795
176	50.9842795
338	42.913409
349	29.8425358
298	32.4803325
296	31.49608
290	44.094512
179	33.2677345
306	32.283482
300	26.377967
271	29.7244255
187	27.7559205
488	26.2992268
390	27.9134009
352	40.6693133
499	27.7165504
322	29.6063152
363	37.5984455
318	32.3622222
436	45.9842768
583	41.6535658
209	52.7165639
315	40.9842741
279	54.5669586
383	28.6220627
420	32.0866315
412	31.102379
66	44.488213
221	43.9764017
432	31.2992295
393	31.5354501
425	30.7874182
267	47.7559313
411	30.5905677
580	37.2047445
362	38.0708867
224	27.55907
496	32.7952933
225	30.0000162
228	27.4803298
395	48.031522
509	33.1889943
361	30.4724574
292	49.6850662
132	45.4330954
275	29.8819059
541	32.9134036
429	37.5590754
471	33.5433252
477	31.0236388
469	46.2598675
222	40.2756123
	42.8346688
388	29.133874
566	26.4567072
360	32.4803325
516	33.9370262
456	42.6378183
345	44.4488429
455	36.614193
351	28.5433225
384	26.4960773
486	30.7874182
470	33.3464747
308	33.2283644
518	32.0866315
563	29.8425358
379	30.5118275
358	43.5827007
448	33.7008056
624	32.7952933
269	47.7953014
319	32.9527737
317	31.1811192
387	40.1181319
532	27.4803298
417	46.1417572
314	52.2441227
303	48.1102622
304	46.9685293
493	33.6220654
452	33.4252149
506	29.4488348
485	31.8110408
444	48.425223
353	32.9527737
348	38.3858475
272	32.6378129
321	29.133874
507	30.5511976
505	29.5669451
376	29.1732441
497	31.2992295
465	26.5354474
494	33.5039551
591	36.4960827
460	30.9842687
380	27.9134009
533	33.0315139
630	25.4724547
134	65.3937361
579	32.5197026
449	32.1653717
577	41.338605
521	27.55907
359	28.6220627
370	40.8267937
622	32.7559232
378	44.094512
400	29.7244255
517	29.9606461
281	50.4724682
501	36.4960827
382	28.4252122
381	30.7480481
454	31.6141903
604	28.1496215
631	47.9134117
226	30.5511976
468	47.1260097
520	31.5354501
386	45.0393944
482	28.9763936
474	30.6693079
498	30.9842687
373	32.0472614
581	31.889781
575	32.5197026
546	28.0315112
421	32.4803325
680	31.889781
592	37.1653744
679	32.2441119
582	40.7086834
594	43.3858502
634	37.5984455
576	39.8425412
588	29.6850554
590	28.5433225
660	34.645688
584	47.5590808
611	28.740173
647	51.3386104
548	41.9291565
677	31.1811192
650	28.0315112
557	42.2047472
570	32.677183
481	47.7953014
574	30.708678
366	43.4645904
586	30.5118275
534	60.0394025
513	49.5275858
678	28.5433225
524	42.519708
664	31.8110408
669	53.543336
571	49.0157745
438	43.5039605
164	37.7559259
158	30.6299378
219	38.2283671
68	46.456718
24	49.7244363
154	33.1102541
19	32.283482
2	46.7716788
241	30.3543471
34	43.0315193
79	45.275615
159	29.2126142
98	48.2677426
17	34.2126169
111	29.6063152
234	32.3622222
21	29.9606461
31	27.4803298
7	37.4803352
243	47.0078994
109	44.2519924
112	31.6141903
114	41.2992349
249	32.283482
20	29.0945039
170	38.6220681
250	32.2441119
131	26.8504082
399	29.1732441
147	31.5748202
237	32.2441119
161	29.2126142
122	47.4803406
231	50.3149878
266	27.5196999
210	48.9370343
230	37.3228548
139	30.8661584
214	32.0866315
426	30.9055285
334	33.5826953
415	27.2047391
213	32.0866315
371	29.8819059
218	30.2756069
258	32.2441119
259	32.5197026
229	29.6063152
276	27.55907
262	31.1811192
177	45.3543552
441	26.4173371
261	31.2992295
341	31.102379
464	26.5354474
342	29.7244255
344	27.5984401
313	33.0315139
189	44.0157718
337	45.6299459
451	32.8346634
302	51.6142011
447	32.8346634
405	46.1023871
422	30.4330873
246	48.3464828
211	46.1417572
301	28.9370235
167	43.6614409
396	46.7716788
283	35.6693106
409	31.0236388
450	31.2204893
270	30.0393863
291	43.700811
403	31.2598594
255	50.4330981
410	31.0630089
233	44.9606542
123	49.212625
305	33.070884
453	32.2047418
475	34.2126169
325	30.9448986
479	41.2598648
227	35.5512003
478	32.0866315
476	29.0551338
47	30.1574966
459	31.4173398
537	34.9606488
346	41.6535658
510	37.1260043
623	31.6535604
223	38.8582887
565	25.984266
385	44.094512
232	43.1102595
603	30.0393863
343	30.8661584
391	29.2913544
398	29.921276
613	28.3858421
369	30.5511976
413	31.2204893
356	39.1338794
424	31.7323006
523	28.6614328
333	33.0315139
307	32.8740335
254	29.0551338
126	34.251987
404	35.1181292
69	49.8031765
295	31.7323006
257	43.1889997
309	32.7559232
228	43.6614409
212	41.4173452
439	27.4015896
423	30.5118275
178	47.1653798
355	45.1181346
297	32.1653717
268	40.7480535
340	42.2834874
463	30.3937172
364	37.0472641
320	33.2283644
299	32.7559232
256	48.0708921
620	32.5197026
244	42.4015977
347	28.7008029
310	31.2598594
294	31.9291511
392	26.8504082
542	44.4488429
157	44.9606542
332	32.4015923
495	43.1889997
539	29.4882049
621	32.9921438
274	31.2204893
273	32.9527737
181	34.0945066
560	31.6929305
649	32.5590727
640	37.3228548
648	31.3385996
598	31.3385996
467	55.2362503
658	39.5275804
549	47.2047499
458	47.1653798
641	52.9527845